,1
0,0.8104
1,0.7632
2,0.4246
3,0.8218
4,0.8194
5,0.8056
6,0.7942
7,0.8312
8,0.8272
9,0.8316
10,0.8366
11,0.757
12,0.7454
13,0.8288
14,0.8276
15,0.824
16,0.8242
17,0.8256
18,0.8134
19,0.8302
20,0.8268
21,0.7944
22,0.8236
23,0.8202
24,0.8218
25,0.817
26,0.8222
27,0.8076
28,0.8236
29,0.8216
30,0.7874
31,0.784
32,0.8174
33,0.8254
34,0.8272
35,0.826
36,0.8258
37,0.8258
38,0.825
39,0.8324
40,0.833
41,0.8294
42,0.7898
43,0.7738
44,0.8034
45,0.7954
46,0.8216
47,0.822
48,0.8202
49,0.821
50,0.8186
51,0.8206
52,0.814
53,0.799
54,0.8216
55,0.7758
56,0.822
57,0.798
58,0.8236
59,0.8154
60,0.8192
61,0.8002
62,0.8078
63,0.8186
64,0.8184
65,0.8258
66,0.8204
67,0.8248
68,0.823
69,0.8206
70,0.8226
71,0.8232
72,0.8074
73,0.8334
74,0.7926
75,0.773
76,0.8098
77,0.8146
78,0.8174
79,0.8282
80,0.8254
81,0.823
82,0.7658
83,0.8274
84,0.827
85,0.8244
86,0.8202
87,0.8248
88,0.8206
89,0.8248
90,0.8178
91,0.8212
92,0.825
93,0.8252
94,0.8212
95,0.8254
96,0.8252
97,0.8224
98,0.8252
99,0.7956
100,0.8112
101,0.8226
102,0.8272
103,0.8136
104,0.8
105,0.7984
106,0.829
107,0.827
108,0.8278
109,0.8294
110,0.8242
111,0.8254
112,0.7912
113,0.8148
114,0.8294
115,0.8292
116,0.8308
117,0.8266
118,0.8186
119,0.7968
120,0.824
121,0.811
122,0.8138
123,0.82
124,0.8198
125,0.817
126,0.8278
127,0.8274
128,0.8264
129,0.8266
130,0.8268
131,0.8202
132,0.8266
133,0.8262
134,0.8336
135,0.8304
136,0.8254
137,0.8254
138,0.8288
139,0.8342
140,0.817
141,0.8242
142,0.8274
143,0.8268
144,0.821
145,0.8186
146,0.803
147,0.805
148,0.8108
149,0.8204
150,0.8232
151,0.8254
152,0.8214
153,0.8266
154,0.8156
155,0.8328
156,0.8338
157,0.8328
158,0.832
159,0.8342
160,0.8214
161,0.8298
162,0.8254
163,0.8106
164,0.8136
165,0.8238
166,0.8116
167,0.815
168,0.8256
169,0.8328
170,0.8336
171,0.8326
172,0.8358
173,0.8274
174,0.8302
175,0.8298
176,0.83
177,0.8342
178,0.8212
179,0.816
180,0.8268
181,0.8294
182,0.8326
183,0.8328
184,0.832
185,0.8324
186,0.835
187,0.8294
188,0.8276
189,0.8142
190,0.8284
191,0.8172
192,0.8276
193,0.8272
194,0.828
195,0.8282
196,0.8314
197,0.8282
198,0.8274
199,0.819
200,0.825
201,0.8242
202,0.8246
203,0.829
204,0.8234
205,0.8212
206,0.8182
207,0.82
208,0.8182
209,0.8286
210,0.828
211,0.8244
212,0.8226
213,0.8222
214,0.8236
215,0.8246
216,0.8254
217,0.8138
218,0.828
219,0.8362
220,0.838
221,0.8336
222,0.8318
223,0.8308
224,0.8312
225,0.8346
226,0.8322
227,0.834
228,0.8226
229,0.8268
230,0.8272
231,0.827
232,0.8128
233,0.8298
234,0.8252
235,0.8252
236,0.8238
237,0.8324
238,0.8344
239,0.8352
240,0.8348
241,0.8358
242,0.8322
243,0.8266
244,0.832
245,0.8224
246,0.8234
247,0.8288
248,0.8316
249,0.8326
250,0.8336
251,0.8332
252,0.8264
253,0.8266
254,0.8264
255,0.8342
256,0.8356
257,0.8222
258,0.818
259,0.831
260,0.837
261,0.8362
262,0.836
263,0.8292
264,0.833
265,0.8314
266,0.8308
267,0.8272
268,0.8268
269,0.827
270,0.8326
271,0.826
272,0.8264
273,0.8278
274,0.8262
275,0.8316
276,0.8236
277,0.8324
278,0.8252
279,0.8232
280,0.8232
281,0.8246
282,0.809
283,0.8302
284,0.825
285,0.8346
286,0.8314
287,0.8324
288,0.831
289,0.8208
290,0.8312
291,0.831
292,0.829
293,0.8248
294,0.8226
295,0.8326
296,0.8352
297,0.8346
298,0.836
299,0.8322
300,0.8332
301,0.8338
302,0.8286
303,0.8266
304,0.826
305,0.8362
306,0.829
307,0.8366
308,0.8366
309,0.8378
310,0.8378
311,0.8344
312,0.8378
313,0.834
314,0.8314
315,0.8296
316,0.831
317,0.8332
318,0.8358
319,0.8282
320,0.822
321,0.8328
322,0.8336
323,0.813
324,0.8396
325,0.8372
326,0.8334
327,0.818
328,0.8294
329,0.8238
330,0.8276
331,0.8274
332,0.8334
333,0.8338
334,0.8356
335,0.8292
336,0.8246
337,0.8328
338,0.8238
339,0.8268
340,0.829
341,0.823
342,0.8208
343,0.834
344,0.8264
345,0.8312
346,0.834
347,0.8348
348,0.8312
349,0.833
350,0.836
351,0.829
352,0.8276
353,0.8294
354,0.8292
355,0.8294
356,0.8296
357,0.832
358,0.8278
359,0.8362
360,0.8344
361,0.8364
362,0.8332
363,0.8324
364,0.817
365,0.8298
366,0.829
367,0.8304
368,0.8274
369,0.8278
370,0.8288
371,0.827
372,0.8282
373,0.8262
374,0.8248
375,0.8322
376,0.8274
377,0.8258
378,0.8292
379,0.833
380,0.8342
381,0.8338
382,0.834
383,0.827
384,0.8356
385,0.844
386,0.8454
387,0.8448
388,0.8396
389,0.8418
390,0.8354
391,0.8336
392,0.8306
393,0.8242
394,0.839
395,0.8338
396,0.8332
397,0.832
398,0.8358
399,0.8338
400,0.837
401,0.8354
402,0.8378
403,0.84
404,0.838
405,0.8376
406,0.8306
407,0.8416
408,0.8394
409,0.8398
410,0.8434
411,0.8418
412,0.8406
413,0.8382
414,0.8446
415,0.8416
416,0.8424
417,0.8452
418,0.8448
419,0.8452
420,0.8474
421,0.847
422,0.8492
423,0.8398
424,0.8372
425,0.833
426,0.8342
427,0.8308
428,0.8282
429,0.8202
430,0.8208
431,0.8326
432,0.833
433,0.8346
434,0.8322
435,0.8336
436,0.834
437,0.8352
438,0.8222
439,0.832
440,0.8314
441,0.8334
442,0.8338
443,0.8366
444,0.8354
445,0.8368
446,0.837
447,0.8376
448,0.8336
449,0.8412
450,0.84
451,0.8376
452,0.8392
453,0.842
454,0.8406
455,0.8432
456,0.8436
457,0.837
458,0.839
459,0.8396
460,0.8352
461,0.8348
462,0.8346
463,0.8336
464,0.8366
465,0.8366
466,0.839
467,0.8368
468,0.8336
469,0.8344
470,0.836
471,0.8366
472,0.8394
473,0.8382
474,0.8324
475,0.837
476,0.8256
477,0.8278
478,0.8388
479,0.84
480,0.8406
481,0.8418
482,0.8392
483,0.8396
484,0.8398
485,0.8338
486,0.8394
487,0.8406
488,0.8388
489,0.839
490,0.8394
491,0.841
492,0.841
493,0.8386
494,0.8416
495,0.8472
496,0.841
497,0.8404
498,0.844
499,0.8458
500,0.8372
501,0.8382
502,0.8424
503,0.8248
504,0.8382
505,0.8402
506,0.8414
507,0.8396
508,0.8396
509,0.8388
510,0.8392
511,0.8404
512,0.8416
513,0.8432
514,0.8426
515,0.8424
516,0.8438
517,0.8462
518,0.846
519,0.8454
520,0.841
521,0.8376
522,0.8388
523,0.8402
524,0.8408
525,0.8424
526,0.8426
527,0.8454
528,0.8462
529,0.8452
530,0.8426
531,0.843
532,0.8382
533,0.8408
534,0.839
535,0.8386
536,0.8346
537,0.8136
538,0.8366
539,0.8404
540,0.8316
541,0.8324
542,0.8336
543,0.8392
544,0.8366
545,0.838
546,0.836
547,0.8424
548,0.8438
549,0.8424
550,0.8402
551,0.8392
552,0.836
553,0.837
554,0.8404
555,0.837
556,0.8408
557,0.8402
558,0.8412
559,0.8426
560,0.8464
561,0.8464
562,0.842
563,0.8466
564,0.8426
565,0.8296
566,0.8378
567,0.8362
568,0.8372
569,0.8398
570,0.839
571,0.8388
572,0.8394
573,0.8386
574,0.8404
575,0.843
576,0.833
577,0.8416
578,0.8426
579,0.8418
580,0.8406
581,0.8378
582,0.8316
583,0.835
584,0.8384
585,0.8396
586,0.8392
587,0.8368
588,0.844
589,0.8446
590,0.8448
591,0.8434
592,0.8436
593,0.8338
594,0.826
595,0.8398
596,0.8356
597,0.8378
598,0.8304
599,0.83
600,0.839
601,0.843
602,0.8404
603,0.8374
604,0.8348
605,0.8382
606,0.8428
607,0.8424
608,0.8382
609,0.8434
610,0.843
611,0.8436
612,0.8448
613,0.8436
614,0.8438
615,0.8402
616,0.8404
617,0.8398
618,0.8434
619,0.844
620,0.8412
621,0.84
622,0.8412
623,0.8404
624,0.838
625,0.8422
626,0.8402
627,0.8406
628,0.8464
629,0.8488
630,0.8488
631,0.8492
632,0.845
633,0.8474
634,0.848
635,0.8484
636,0.8466
637,0.8466
638,0.8474
639,0.8464
640,0.8464
641,0.8492
642,0.8502
643,0.8494
644,0.845
645,0.8476
646,0.8432
647,0.8408
648,0.8494
649,0.8526
650,0.8432
651,0.8466
652,0.849
653,0.845
654,0.847
655,0.8454
656,0.8506
657,0.8504
658,0.8488
659,0.85
660,0.8456
661,0.847
662,0.8482
663,0.8478
664,0.8466
665,0.8448
666,0.8446
667,0.845
668,0.8434
669,0.8454
670,0.8524
671,0.8518
672,0.8522
673,0.8508
674,0.8506
675,0.8538
676,0.8556
677,0.854
678,0.839
679,0.8414
680,0.8424
681,0.8456
682,0.847
683,0.837
684,0.838
685,0.8418
686,0.845
687,0.847
688,0.8492
689,0.8476
690,0.8506
691,0.8524
692,0.8526
693,0.8512
694,0.8526
695,0.8526
696,0.8504
697,0.8508
698,0.8516
699,0.8516
700,0.8508
701,0.8558
702,0.8512
703,0.8538
704,0.853
705,0.8498
706,0.8498
707,0.857
708,0.8558
709,0.8556
710,0.8436
711,0.8472
712,0.8502
713,0.8508
714,0.8514
715,0.8514
716,0.8546
717,0.8474
718,0.8544
719,0.8538
720,0.855
721,0.8434
722,0.8472
723,0.8462
724,0.8432
725,0.8458
726,0.8512
727,0.8512
728,0.8532
729,0.8512
730,0.8512
731,0.8442
732,0.8546
733,0.8552
734,0.8506
735,0.8516
736,0.8544
737,0.8522
738,0.8464
739,0.8462
740,0.8468
741,0.8452
742,0.846
743,0.8462
744,0.8478
745,0.854
746,0.848
747,0.846
748,0.8538
749,0.8514
750,0.8518
751,0.8534
752,0.849
753,0.8456
754,0.852
755,0.8548
756,0.8542
757,0.8514
758,0.8516
759,0.8476
760,0.8484
761,0.8486
762,0.8498
763,0.8504
764,0.8546
765,0.852
766,0.8532
767,0.8536
768,0.8494
769,0.8502
770,0.8504
771,0.8484
772,0.8522
773,0.8502
774,0.8542
775,0.8548
776,0.8514
777,0.8506
778,0.8518
779,0.8522
780,0.8496
781,0.8504
782,0.8516
783,0.8504
784,0.8524
785,0.8558
786,0.8546
787,0.855
788,0.853
789,0.8548
790,0.8572
791,0.8548
792,0.8546
793,0.8558
794,0.8374
795,0.8494
796,0.8544
797,0.854
798,0.8556
799,0.8542
800,0.8522
801,0.854
802,0.8534
803,0.8516
804,0.8544
805,0.8518
806,0.8532
807,0.8538
808,0.854
809,0.8526
810,0.8486
811,0.8496
812,0.8526
813,0.8528
814,0.8526
815,0.8542
816,0.854
817,0.853
818,0.8488
819,0.8514
820,0.852
821,0.851
822,0.8414
823,0.8378
824,0.8396
825,0.8426
826,0.8398
827,0.8408
828,0.8414
829,0.8416
830,0.8414
831,0.8434
832,0.8386
833,0.8508
834,0.8504
835,0.8452
836,0.8484
837,0.8494
838,0.8498
839,0.8498
840,0.8518
841,0.854
842,0.845
843,0.8462
844,0.8468
845,0.8456
846,0.846
847,0.8466
848,0.8464
849,0.8432
850,0.8518
851,0.8534
852,0.8492
853,0.8486
854,0.8518
855,0.8478
856,0.8536
857,0.8496
858,0.8526
859,0.8544
860,0.8556
861,0.8526
862,0.8554
863,0.8512
864,0.8514
865,0.8518
866,0.8512
867,0.8548
868,0.8514
869,0.8534
870,0.853
871,0.8588
872,0.8608
873,0.8608
874,0.8616
875,0.8568
876,0.8562
877,0.8552
878,0.8564
879,0.8558
880,0.8538
881,0.8536
882,0.8524
883,0.8556
884,0.856
885,0.8536
886,0.8542
887,0.8552
888,0.8546
889,0.8562
890,0.8556
891,0.8514
892,0.847
893,0.85
894,0.8536
895,0.8482
896,0.8496
897,0.8502
898,0.851
899,0.8478
900,0.8474
901,0.8454
902,0.8482
903,0.8484
904,0.8476
905,0.8466
906,0.8492
907,0.8462
908,0.8498
909,0.8494
910,0.8504
911,0.8474
912,0.8484
913,0.848
914,0.8488
915,0.8504
916,0.851
917,0.8512
918,0.8488
919,0.8474
920,0.8468
921,0.8504
922,0.8508
923,0.8448
924,0.845
925,0.8456
926,0.8464
927,0.8482
928,0.8534
929,0.8516
930,0.8472
931,0.8474
932,0.8424
933,0.8486
934,0.8448
935,0.8482
936,0.8508
937,0.8542
938,0.8538
939,0.8582
940,0.8576
941,0.8578
942,0.859
943,0.8584
944,0.8568
945,0.8588
946,0.8536
947,0.858
948,0.8562
949,0.8516
950,0.8532
951,0.8534
952,0.8574
953,0.8588
954,0.8578
955,0.8582
956,0.8566
957,0.8558
958,0.858
959,0.858
960,0.8602
961,0.8614
962,0.8602
963,0.864
964,0.8622
965,0.8634
966,0.8594
967,0.86
968,0.8576
969,0.8578
970,0.8564
971,0.8578
972,0.86
973,0.855
974,0.8568
975,0.8572
976,0.8614
977,0.8564
978,0.8576
979,0.859
980,0.8558
981,0.8576
982,0.8572
983,0.8608
984,0.859
985,0.8594
986,0.862
987,0.863
988,0.8592
989,0.8644
990,0.8628
991,0.859
992,0.8568
993,0.858
994,0.8542
995,0.8484
996,0.8518
997,0.8538
998,0.8524
999,0.8584
1000,0.8594
1001,0.8528
1002,0.8542
1003,0.8556
1004,0.8552
1005,0.854
1006,0.861
1007,0.8634
1008,0.8612
1009,0.8616
1010,0.8626
1011,0.853
1012,0.8542
1013,0.8532
1014,0.8546
1015,0.8568
1016,0.8552
1017,0.8552
1018,0.847
1019,0.856
1020,0.8554
1021,0.856
1022,0.8558
1023,0.857
1024,0.8552
1025,0.8598
1026,0.8568
1027,0.8626
1028,0.8628
1029,0.861
1030,0.8618
1031,0.8624
1032,0.8604
1033,0.86
1034,0.8612
1035,0.852
1036,0.8554
1037,0.8562
1038,0.8562
1039,0.8548
1040,0.858
1041,0.8586
1042,0.857
1043,0.8556
1044,0.8584
1045,0.8622
1046,0.8608
1047,0.8574
1048,0.86
1049,0.8624
1050,0.8608
1051,0.8588
1052,0.8622
1053,0.8638
1054,0.8644
1055,0.863
1056,0.861
1057,0.863
1058,0.8612
1059,0.8628
1060,0.8626
1061,0.8596
1062,0.859
1063,0.8546
1064,0.8588
1065,0.8598
1066,0.858
1067,0.8548
1068,0.8544
1069,0.8552
1070,0.859
1071,0.8584
1072,0.8542
1073,0.8562
1074,0.8558
1075,0.857
1076,0.8566
1077,0.8576
1078,0.8562
1079,0.8566
1080,0.8534
1081,0.8572
1082,0.8478
1083,0.852
1084,0.8586
1085,0.8602
1086,0.8652
1087,0.8626
1088,0.8632
1089,0.8624
1090,0.8628
1091,0.8646
1092,0.8646
1093,0.866
1094,0.8622
1095,0.8574
1096,0.8614
1097,0.86
1098,0.8594
1099,0.86
1100,0.859
1101,0.8586
1102,0.8586
1103,0.8584
1104,0.8556
1105,0.8596
1106,0.8596
1107,0.8628
1108,0.861
1109,0.8618
1110,0.8566
1111,0.8614
1112,0.8608
1113,0.8628
1114,0.8634
1115,0.8636
1116,0.8576
1117,0.8614
1118,0.8638
1119,0.864
1120,0.8648
1121,0.863
1122,0.8632
1123,0.8652
1124,0.8654
1125,0.8656
1126,0.8642
1127,0.8624
1128,0.8568
1129,0.8576
1130,0.857
1131,0.8562
1132,0.8594
1133,0.8472
1134,0.8508
1135,0.851
1136,0.8526
1137,0.8536
1138,0.8568
1139,0.8558
1140,0.857
1141,0.8592
1142,0.8562
1143,0.8574
1144,0.856
1145,0.8594
1146,0.856
1147,0.8572
1148,0.8526
1149,0.8542
1150,0.8534
1151,0.853
1152,0.8544
1153,0.8552
1154,0.8534
1155,0.8532
1156,0.8566
1157,0.8566
1158,0.8566
1159,0.8576
1160,0.8598
1161,0.8584
1162,0.8606
1163,0.8612
1164,0.8644
1165,0.8624
1166,0.8598
1167,0.8528
1168,0.8604
1169,0.8624
1170,0.8646
1171,0.8636
1172,0.8648
1173,0.8642
1174,0.8648
1175,0.8696
1176,0.865
1177,0.863
1178,0.8608
1179,0.8628
1180,0.8638
1181,0.8636
1182,0.8618
1183,0.8582
1184,0.85
1185,0.8588
1186,0.8596
1187,0.8576
1188,0.858
1189,0.8576
1190,0.8568
1191,0.8584
1192,0.861
1193,0.8646
1194,0.8644
1195,0.864
1196,0.8646
1197,0.8668
1198,0.8638
1199,0.8672
1200,0.8676
1201,0.8696
1202,0.8704
1203,0.8574
1204,0.8602
1205,0.8518
1206,0.8644
1207,0.8644
1208,0.863
1209,0.863
1210,0.864
1211,0.8652
1212,0.8668
1213,0.866
1214,0.8592
1215,0.8618
1216,0.8608
1217,0.859
1218,0.8584
1219,0.858
1220,0.8474
1221,0.8506
1222,0.856
1223,0.8508
1224,0.8494
1225,0.8494
1226,0.8488
1227,0.8506
1228,0.8516
1229,0.8514
1230,0.8514
1231,0.8516
1232,0.8548
1233,0.8448
1234,0.8498
1235,0.8552
1236,0.8558
1237,0.8528
1238,0.8552
1239,0.8582
1240,0.853
1241,0.849
1242,0.8474
1243,0.8472
1244,0.8506
1245,0.852
1246,0.8472
1247,0.8472
1248,0.8498
1249,0.8494
1250,0.8518
1251,0.8524
1252,0.8518
1253,0.85
1254,0.8512
1255,0.8538
1256,0.8546
1257,0.8538
1258,0.8524
1259,0.8566
1260,0.8582
1261,0.861
1262,0.8598
1263,0.8624
1264,0.864
1265,0.8608
1266,0.8628
1267,0.8616
1268,0.8616
1269,0.8622
1270,0.861
1271,0.8602
1272,0.8624
1273,0.8596
1274,0.8624
1275,0.8622
1276,0.8584
1277,0.8606
1278,0.8648
1279,0.8646
1280,0.8616
1281,0.8548
1282,0.862
1283,0.8582
1284,0.8604
1285,0.8598
1286,0.861
1287,0.861
1288,0.8592
1289,0.8612
1290,0.8572
1291,0.8614
1292,0.8624
1293,0.8594
1294,0.8622
1295,0.8618
1296,0.8634
1297,0.8608
1298,0.8628
1299,0.8612
1300,0.8646
1301,0.864
1302,0.8634
1303,0.8594
1304,0.8578
1305,0.8618
1306,0.8596
1307,0.8522
1308,0.8542
1309,0.855
1310,0.8558
1311,0.855
1312,0.8538
1313,0.8588
1314,0.859
1315,0.8572
1316,0.855
1317,0.8566
1318,0.8566
1319,0.8528
1320,0.8582
1321,0.8598
1322,0.8604
1323,0.8534
1324,0.855
1325,0.8572
1326,0.856
1327,0.8558
1328,0.8578
1329,0.8574
1330,0.8574
1331,0.8576
1332,0.8582
1333,0.8576
1334,0.8524
1335,0.856
1336,0.8564
1337,0.854
1338,0.8566
1339,0.8588
1340,0.8568
1341,0.8554
1342,0.8548
1343,0.8526
1344,0.8546
1345,0.857
1346,0.8568
1347,0.8584
1348,0.8588
1349,0.8592
1350,0.861
1351,0.8618
1352,0.8644
1353,0.866
1354,0.8656
1355,0.8658
1356,0.8622
1357,0.8556
1358,0.8564
1359,0.8544
1360,0.8534
1361,0.8568
1362,0.8578
1363,0.8562
1364,0.862
1365,0.8644
1366,0.864
1367,0.8582
1368,0.859
1369,0.8598
1370,0.865
1371,0.8628
1372,0.8634
1373,0.8554
1374,0.856
1375,0.857
1376,0.8594
1377,0.8612
1378,0.8606
1379,0.86
1380,0.8592
1381,0.86
1382,0.8606
1383,0.857
1384,0.8594
1385,0.862
1386,0.86
1387,0.8624
1388,0.8622
1389,0.8628
1390,0.8644
1391,0.8628
1392,0.8642
1393,0.8608
1394,0.86
1395,0.867
1396,0.861
1397,0.8608
1398,0.8582
1399,0.8596
1400,0.8616
1401,0.8598
1402,0.859
1403,0.8614
1404,0.8584
1405,0.8624
1406,0.8614
1407,0.8632
1408,0.8626
1409,0.8596
1410,0.8626
1411,0.8634
1412,0.8632
1413,0.8594
1414,0.8618
1415,0.8642
1416,0.86
1417,0.8564
1418,0.8612
1419,0.862
1420,0.86
1421,0.8578
1422,0.8618
1423,0.86
1424,0.8588
1425,0.8594
1426,0.8614
1427,0.8618
1428,0.86
1429,0.858
1430,0.8584
1431,0.8602
1432,0.862
1433,0.861
1434,0.8632
1435,0.8652
1436,0.8634
1437,0.8656
1438,0.87
1439,0.8692
1440,0.864
1441,0.8644
1442,0.8648
1443,0.8648
1444,0.8672
1445,0.8668
1446,0.8674
1447,0.867
1448,0.8656
1449,0.866
1450,0.865
1451,0.8626
1452,0.864
1453,0.8638
1454,0.865
1455,0.866
1456,0.8658
1457,0.8606
1458,0.8604
1459,0.8602
1460,0.8612
1461,0.8624
1462,0.8618
1463,0.8606
1464,0.856
1465,0.8578
1466,0.8576
1467,0.8576
1468,0.8598
1469,0.8578
1470,0.8636
1471,0.8614
1472,0.8644
1473,0.8646
1474,0.863
1475,0.8638
1476,0.8644
1477,0.8608
1478,0.861
1479,0.8556
1480,0.8574
1481,0.8598
1482,0.8586
1483,0.8594
1484,0.8592
1485,0.8558
1486,0.8588
1487,0.8604
1488,0.8622
1489,0.8634
1490,0.8618
1491,0.8606
1492,0.8578
1493,0.8576
1494,0.8622
1495,0.8596
1496,0.8596
1497,0.8604
1498,0.8592
1499,0.8608
1500,0.8586
1501,0.8578
1502,0.859
1503,0.8572
1504,0.8576
1505,0.858
1506,0.8566
1507,0.8582
1508,0.862
1509,0.8548
1510,0.8584
1511,0.865
1512,0.8618
1513,0.8612
1514,0.863
1515,0.8598
1516,0.8606
1517,0.8606
1518,0.8634
1519,0.8628
1520,0.8626
1521,0.863
1522,0.8636
1523,0.8616
1524,0.8618
1525,0.8614
1526,0.8606
1527,0.8628
1528,0.8616
1529,0.862
1530,0.8584
1531,0.8566
1532,0.861
1533,0.8608
1534,0.8612
1535,0.8606
1536,0.862
1537,0.8628
1538,0.862
1539,0.864
1540,0.8642
1541,0.8622
1542,0.862
1543,0.8628
1544,0.8636
1545,0.8626
1546,0.865
1547,0.8646
1548,0.867
1549,0.8686
1550,0.8604
1551,0.8634
1552,0.8644
1553,0.8648
1554,0.8672
1555,0.865
1556,0.8662
1557,0.8618
1558,0.8636
1559,0.865
1560,0.8616
1561,0.8684
1562,0.8668
1563,0.867
1564,0.8654
1565,0.8652
1566,0.863
1567,0.8634
1568,0.8616
1569,0.8638
1570,0.863
1571,0.8658
1572,0.8644
1573,0.8634
1574,0.8644
1575,0.8652
1576,0.8652
1577,0.8626
1578,0.8628
1579,0.866
1580,0.862
1581,0.8632
1582,0.8626
1583,0.859
1584,0.8624
1585,0.8648
1586,0.8662
1587,0.8618
1588,0.8636
1589,0.8636
1590,0.8628
1591,0.8636
1592,0.8628
1593,0.8624
1594,0.857
1595,0.862
1596,0.8572
1597,0.8578
1598,0.8582
1599,0.8596
1600,0.8568
1601,0.858
1602,0.8602
1603,0.8596
1604,0.8598
1605,0.86
1606,0.8598
1607,0.8614
1608,0.8612
1609,0.8622
1610,0.8616
1611,0.86
1612,0.8604
1613,0.8582
1614,0.8608
1615,0.8594
1616,0.8586
1617,0.8598
1618,0.859
1619,0.8592
1620,0.8594
1621,0.8584
1622,0.8574
1623,0.8596
1624,0.8596
1625,0.855
1626,0.8604
1627,0.8586
1628,0.853
1629,0.8616
1630,0.8604
1631,0.8612
1632,0.8602
1633,0.8594
1634,0.8626
1635,0.8626
1636,0.8624
1637,0.8606
1638,0.8616
1639,0.8606
1640,0.8618
1641,0.8618
1642,0.8624
1643,0.861
1644,0.8626
1645,0.8622
1646,0.863
1647,0.8634
1648,0.8636
1649,0.8602
1650,0.8656
1651,0.866
1652,0.864
1653,0.8638
1654,0.8608
1655,0.862
1656,0.8624
1657,0.8614
1658,0.8606
1659,0.8602
1660,0.862
1661,0.8596
1662,0.862
1663,0.8468
1664,0.8604
1665,0.86
1666,0.8598
1667,0.8618
1668,0.8624
1669,0.862
1670,0.8626
1671,0.8614
1672,0.862
1673,0.8614
1674,0.8598
1675,0.8592
1676,0.864
1677,0.8642
1678,0.8608
1679,0.8622
1680,0.862
1681,0.8626
1682,0.8634
1683,0.8634
1684,0.8634
1685,0.8632
1686,0.8618
1687,0.8618
1688,0.863
1689,0.8638
1690,0.8606
1691,0.863
1692,0.86
1693,0.864
1694,0.8638
1695,0.8624
1696,0.8638
1697,0.8648
1698,0.8638
1699,0.8664
1700,0.8648
1701,0.8668
1702,0.8674
1703,0.866
1704,0.8676
1705,0.8674
1706,0.8674
1707,0.8636
1708,0.8666
1709,0.867
1710,0.8684
1711,0.8676
1712,0.8666
1713,0.8628
1714,0.8654
1715,0.8652
1716,0.8686
1717,0.869
1718,0.8652
1719,0.8666
1720,0.8656
1721,0.8638
1722,0.861
1723,0.8668
1724,0.8618
1725,0.8666
1726,0.8648
1727,0.8624
1728,0.8614
1729,0.8642
1730,0.8644
1731,0.864
1732,0.8622
1733,0.8658
1734,0.8656
1735,0.8638
1736,0.8636
1737,0.8616
1738,0.863
1739,0.8642
1740,0.8648
1741,0.8642
1742,0.864
1743,0.8632
1744,0.862
1745,0.8634
1746,0.864
1747,0.8646
1748,0.8654
1749,0.8606
1750,0.8632
1751,0.8644
1752,0.8628
1753,0.8642
1754,0.859
1755,0.8624
1756,0.8616
1757,0.8632
1758,0.8676
1759,0.865
1760,0.8642
1761,0.865
1762,0.8626
1763,0.8612
1764,0.8606
1765,0.863
1766,0.8558
1767,0.8658
1768,0.8648
1769,0.8636
1770,0.863
1771,0.8632
1772,0.8648
1773,0.8658
1774,0.8652
1775,0.8662
1776,0.8678
1777,0.8684
1778,0.8664
1779,0.865
1780,0.8654
1781,0.868
1782,0.8688
1783,0.8684
1784,0.869
1785,0.8696
1786,0.8694
1787,0.8708
1788,0.8756
1789,0.8758
1790,0.875
1791,0.8776
1792,0.8766
1793,0.8688
1794,0.8736
1795,0.8702
1796,0.872
1797,0.8724
1798,0.8718
1799,0.8716
1800,0.868
1801,0.8734
1802,0.874
1803,0.869
1804,0.871
1805,0.8704
1806,0.8656
1807,0.8668
1808,0.8674
1809,0.8642
1810,0.8666
1811,0.866
1812,0.8686
1813,0.8688
1814,0.8694
1815,0.8688
1816,0.867
1817,0.8684
1818,0.8648
1819,0.8618
1820,0.864
1821,0.8672
1822,0.8658
1823,0.8642
1824,0.8672
1825,0.8706
1826,0.8712
1827,0.8686
1828,0.8678
1829,0.87
1830,0.8602
1831,0.8662
1832,0.8604
1833,0.8634
1834,0.8658
1835,0.8662
1836,0.867
1837,0.8608
1838,0.8572
1839,0.8584
1840,0.8594
1841,0.8642
1842,0.8634
1843,0.8624
1844,0.864
1845,0.862
1846,0.8644
1847,0.8602
1848,0.8642
1849,0.864
1850,0.8654
1851,0.8646
1852,0.8662
1853,0.8674
1854,0.8684
1855,0.868
1856,0.8676
1857,0.8646
1858,0.8688
1859,0.8684
1860,0.8638
1861,0.8652
1862,0.8662
1863,0.8664
1864,0.8676
1865,0.8678
1866,0.8682
1867,0.8636
1868,0.869
1869,0.8704
1870,0.8722
1871,0.869
1872,0.8702
1873,0.8646
1874,0.8632
1875,0.8642
1876,0.8652
1877,0.8708
1878,0.8692
1879,0.8672
1880,0.868
1881,0.8664
1882,0.8668
1883,0.867
1884,0.868
1885,0.8626
1886,0.8644
1887,0.865
1888,0.866
1889,0.8692
1890,0.8692
1891,0.8674
1892,0.8668
1893,0.8664
1894,0.8688
1895,0.8696
1896,0.8704
1897,0.8586
1898,0.8656
1899,0.8624
1900,0.8606
1901,0.8618
1902,0.8626
1903,0.8634
1904,0.863
1905,0.863
1906,0.8618
1907,0.8638
1908,0.8656
1909,0.8624
1910,0.8684
1911,0.8676
1912,0.8684
1913,0.8684
1914,0.8704
1915,0.8722
1916,0.8726
1917,0.8716
1918,0.8718
1919,0.8714
1920,0.864
1921,0.8636
1922,0.865
1923,0.865
1924,0.864
1925,0.8656
1926,0.862
1927,0.8634
1928,0.8638
1929,0.8666
1930,0.8652
1931,0.8646
1932,0.8634
1933,0.864
1934,0.8714
1935,0.871
1936,0.8698
1937,0.8704
1938,0.871
1939,0.868
1940,0.8714
1941,0.8722
1942,0.8734
1943,0.873
1944,0.8702
1945,0.869
1946,0.872
1947,0.8724
1948,0.8728
1949,0.872
1950,0.872
1951,0.874
1952,0.87
1953,0.866
1954,0.8668
1955,0.8666
1956,0.8682
1957,0.867
1958,0.8654
1959,0.866
1960,0.868
1961,0.8676
1962,0.8682
1963,0.8682
1964,0.866
1965,0.8666
1966,0.8676
1967,0.8686
1968,0.8648
1969,0.87
1970,0.8708
1971,0.8708
1972,0.871
1973,0.8722
1974,0.8716
1975,0.868
1976,0.8698
1977,0.867
1978,0.8668
1979,0.867
1980,0.8686
1981,0.8678
1982,0.8678
1983,0.8622
1984,0.8674
1985,0.868
1986,0.867
1987,0.8696
1988,0.8694
1989,0.8706
1990,0.8738
1991,0.8724
1992,0.872
1993,0.8692
1994,0.8712
1995,0.873
1996,0.87
1997,0.8678
1998,0.87
1999,0.874
2000,0.873
