,1
0,11.361589193344116
1,
2,
3,
4,
5,10.843586206436157
6,
7,
8,
9,
10,10.67146611213684
11,
12,
13,
14,
15,10.459579944610596
16,
17,
18,
19,
20,10.302175521850586
21,
22,
23,
24,
25,9.984815001487732
26,
27,
28,
29,
30,9.677042007446289
31,
32,
33,
34,
35,9.596323609352112
36,
37,
38,
39,
40,9.047718524932861
41,
42,
43,
44,
45,8.789184927940369
46,
47,
48,
49,
50,8.416611671447754
51,
52,
53,
54,
55,8.22799551486969
56,
57,
58,
59,
60,8.114179134368896
61,
62,
63,
64,
65,8.031485557556152
66,
67,
68,
69,
70,8.004749178886414
71,
72,
73,
74,
75,7.682605028152466
76,
77,
78,
79,
80,7.573565602302551
81,
82,
83,
84,
85,7.4664528369903564
86,
87,
88,
89,
90,7.470654368400574
91,
92,
93,
94,
95,7.383989453315735
96,
97,
98,
99,
100,7.301498532295227
101,
102,
103,
104,
105,7.206772208213806
106,
107,
108,
109,
110,6.9002450704574585
111,
112,
113,
114,
115,6.770271182060242
116,
117,
118,
119,
120,6.6432671546936035
121,
122,
123,
124,
125,6.536601781845093
126,
127,
128,
129,
130,6.4422149658203125
131,
132,
133,
134,
135,6.380597114562988
136,
137,
138,
139,
140,6.402107238769531
141,
142,
143,
144,
145,6.385895729064941
146,
147,
148,
149,
150,6.337876081466675
151,
152,
153,
154,
155,6.210185289382935
156,
157,
158,
159,
160,6.1904401779174805
161,
162,
163,
164,
165,6.181545257568359
166,
167,
168,
169,
170,6.15158224105835
171,
172,
173,
174,
175,6.138052821159363
176,
177,
178,
179,
180,6.080509901046753
181,
182,
183,
184,
185,6.09347403049469
186,
187,
188,
189,
190,5.96223783493042
191,
192,
193,
194,
195,5.9391878843307495
196,
197,
198,
199,
200,5.954843878746033
201,
202,
203,
204,
205,5.772798776626587
206,
207,
208,
209,
210,5.756709933280945
211,
212,
213,
214,
215,5.764848947525024
216,
217,
218,
219,
220,5.759733200073242
221,
222,
223,
224,
225,5.783197522163391
226,
227,
228,
229,
230,5.790313243865967
231,
232,
233,
234,
235,5.751452326774597
236,
237,
238,
239,
240,5.721181631088257
241,
242,
243,
244,
245,5.721418023109436
246,
247,
248,
249,
250,5.7308467626571655
251,
252,
253,
254,
255,5.747494220733643
256,
257,
258,
259,
260,5.7248382568359375
261,
262,
263,
264,
265,5.737581133842468
266,
267,
268,
269,
270,5.717772483825684
271,
272,
273,
274,
275,5.675844669342041
276,
277,
278,
279,
280,5.682097256183624
281,
282,
283,
284,
285,5.69548374414444
286,
287,
288,
289,
290,5.71771901845932
291,
292,
293,
294,
295,5.742765665054321
296,
297,
298,
299,
300,5.730493426322937
301,
302,
303,
304,
305,5.72018301486969
306,
307,
308,
309,
310,5.715566158294678
311,
312,
313,
314,
315,5.724737048149109
316,
317,
318,
319,
320,5.731609106063843
321,
322,
323,
324,
325,5.7331074476242065
326,
327,
328,
329,
330,5.753992795944214
331,
332,
333,
334,
335,5.745274305343628
336,
337,
338,
339,
340,5.793827533721924
341,
342,
343,
344,
345,5.834505915641785
346,
347,
348,
349,
350,5.8757429122924805
351,
352,
353,
354,
355,5.8421630859375
356,
357,
358,
359,
360,5.846288442611694
361,
362,
363,
364,
365,5.827820062637329
366,
367,
368,
369,
370,5.857213616371155
371,
372,
373,
374,
375,5.939055323600769
376,
377,
378,
379,
380,5.961230993270874
381,
382,
383,
384,
385,5.989088773727417
386,
387,
388,
389,
390,5.979961633682251
391,
392,
393,
394,
395,6.001979231834412
396,
397,
398,
399,
400,6.0167460441589355
401,
402,
403,
404,
405,6.034117102622986
406,
407,
408,
409,
410,6.028472185134888
411,
412,
413,
414,
415,6.041388154029846
416,
417,
418,
419,
420,6.008894562721252
421,
422,
423,
424,
425,6.011042356491089
426,
427,
428,
429,
430,5.987330675125122
431,
432,
433,
434,
435,5.983087778091431
436,
437,
438,
439,
440,5.977701902389526
441,
442,
443,
444,
445,5.953769207000732
446,
447,
448,
449,
450,5.908533573150635
451,
452,
453,
454,
455,5.918049573898315
456,
457,
458,
459,
460,5.942616581916809
461,
462,
463,
464,
465,5.991978287696838
466,
467,
468,
469,
470,5.999018430709839
471,
472,
473,
474,
475,6.014397859573364
476,
477,
478,
479,
480,6.040971279144287
481,
482,
483,
484,
485,6.0632734298706055
486,
487,
488,
489,
490,6.063453793525696
491,
492,
493,
494,
495,6.00945782661438
496,
497,
498,
499,
500,6.0006550550460815
