,1
0,4.859419345855713
1,
2,
3,
4,
5,1.376562476158142
6,
7,
8,
9,
10,1.442447304725647
11,
12,
13,
14,
15,1.8937896490097046
16,
17,
18,
19,
20,2.643537759780884
21,
22,
23,
24,
25,2.2104475498199463
26,
27,
28,
29,
30,1.848394751548767
31,
32,
33,
34,
35,1.4606825113296509
36,
37,
38,
39,
40,1.832877516746521
41,
42,
43,
44,
45,1.4635576009750366
46,
47,
48,
49,
50,2.0890679359436035
51,
52,
53,
54,
55,1.667806625366211
56,
57,
58,
59,
60,1.852333903312683
61,
62,
63,
64,
65,1.908441424369812
66,
67,
68,
69,
70,1.3521732091903687
71,
72,
73,
74,
75,1.2613688707351685
76,
77,
78,
79,
80,1.379655122756958
81,
82,
83,
84,
85,1.2458499670028687
86,
87,
88,
89,
90,1.2253406047821045
91,
92,
93,
94,
95,1.0115658044815063
96,
97,
98,
99,
100,1.2048918008804321
101,
102,
103,
104,
105,1.2233846187591553
106,
107,
108,
109,
110,0.9383257031440735
111,
112,
113,
114,
115,1.105962872505188
116,
117,
118,
119,
120,0.7881829142570496
121,
122,
123,
124,
125,1.1375513076782227
126,
127,
128,
129,
130,0.9523477554321289
131,
132,
133,
134,
135,1.0832983255386353
136,
137,
138,
139,
140,0.7008548974990845
141,
142,
143,
144,
145,0.7090519070625305
146,
147,
148,
149,
150,0.7593523263931274
151,
152,
153,
154,
155,0.602360725402832
156,
157,
158,
159,
160,0.8497638702392578
161,
162,
163,
164,
165,0.7104945778846741
166,
167,
168,
169,
170,0.8910362124443054
171,
172,
173,
174,
175,0.8221886157989502
176,
177,
178,
179,
180,0.845000684261322
181,
182,
183,
184,
185,0.7590669989585876
186,
187,
188,
189,
190,0.8219161033630371
191,
192,
193,
194,
195,0.8669661283493042
196,
197,
198,
199,
200,0.5173316597938538
201,
202,
203,
204,
205,0.5923877358436584
206,
207,
208,
209,
210,0.6792669892311096
211,
212,
213,
214,
215,0.7656987905502319
216,
217,
218,
219,
220,0.7304288744926453
221,
222,
223,
224,
225,0.468931645154953
226,
227,
228,
229,
230,0.5481638312339783
231,
232,
233,
234,
235,0.8288659453392029
236,
237,
238,
239,
240,0.9106384515762329
241,
242,
243,
244,
245,0.7927876710891724
246,
247,
248,
249,
250,0.9241439700126648
251,
252,
253,
254,
255,0.9239571690559387
256,
257,
258,
259,
260,0.7908003330230713
261,
262,
263,
264,
265,0.69623202085495
266,
267,
268,
269,
270,0.5337943434715271
271,
272,
273,
274,
275,0.6217020750045776
276,
277,
278,
279,
280,0.8115522265434265
281,
282,
283,
284,
285,0.5773453712463379
286,
287,
288,
289,
290,0.5859617590904236
291,
292,
293,
294,
295,0.5861281156539917
296,
297,
298,
299,
300,0.5522757768630981
